G10
1,2,3,4,5,6,7,8,9,10,11,12,13,14,15,16,17,18,19,20,21,22,23,24,25,26,27,28,29,30,31,32,33,34,35,36,37,38,39,40,41,42,43,44,45,46,47,48,49,50,51,52,53,54,55,56,57,58,59,60,61,62,63,64,65,66,67,68,69,70,71,72,73,74,75,76,77,78,79,80,81,82,83,84,85,86,87,88,89,90,91,92,93,94,95,96,97,98,99,100,101,102,103,104,105,106,107,108,109,110,111,112,113,114,115,116,117,118,119,120,121,122,123,124,125,126,127,128,129,130,131,132,133,134,135,136,137,138,139,140,141,142,143,144,145,146,147,148,149,150,151,152,153,154,155,156,157,158,159,160,161,162,163,164,165,166,167,168,169,170,171,172,173,174,175,176,177,178,179,180,181,182,183,184,185,186,187,188,189,190,191,192,193,194,195,196,197,198,199,200,201,202,203,204,205,206,207,208,209,210,211,212,213,214,215,216,217,218,219,220,221,222,223,224,225,226,227,228,229,230,231,232,233,234,235,236,237,238,239,240,241,242,243,244,245,246,247,248,249,250,251,252,253,254,255,256,257,258,259,260,261,262,263,264,265,266,267,268,269,270,271,272,273,274,275,276,277,278,279,280,281,282,283,284,285,286,287,288,289,290,291,292,293,294,295,296,297,298,299,300,301,302,303,304,305,306,307,308,309,310,311,312,313,314,315,316,317,318,319,320,321,322,323,324,325,326,327,328,329,330,331,332,333,334,335,336,337,338,339,340,341,342,343,344,345,346,347,348,349,350,351,352,353,354,355,356,357,358,359,360,361,362,363,364,365,366,367,368,369,370,371,372,373,374,375,376,377,378,379,380,381,382,383,384,385,386,387,388,389,390,391,392,393,394,395,396,397,398,399,400,401,402,403,404,405,406,407,408,409,410,411,412,413,414,415,416,417,418,419,420,421,422,423,424,425,426,427,428,429,430,431,432,433,434,435,436,437,438,439,440,441,442,443,444,445,446,447,448,449,450,451,452,453,454,455,456,457,458,459,460,461,462,463,464,465,466,467,468,469,470,471,472,473,474,475,476,477,478,479,480,481,482,483,484,485,486,487,488,489,490,491,492,493,494,495,496,497,498,499,500
1:65,81,114,157,372,429,460
2:88,135,201,367
3:107,117,120,260
4:104,162,464
5:88,165,263,288,466
6:136,195,448,459
7:144,169,485,498
8:120,184,217
10:41,148,193,219,243,275,445,491
11:210,397
12:57,298,476,498
13:304,311,447,491
14:152,255,268,485
15:38,70,115,161,170,236,294
16:156,263,297,381,419,443,475
17:235,462,478
18:71,152,358,391,436,496
19:48,78,133,165,303
20:28,114,117,226,453,454
21:105,366,429,462,477
22:60,95,269,354
23:115,145,448,469
24:378,416
25:99,112,281,294,406,468
26:296,433,458
27:232,454
28:20
29:95,258
30:77,327,375,393
31:221,478
32:55,306,406,434
33:43,215,312,431,476
34:36,155,248,259
35:95,114,137,267,376,384
36:34,466
37:352,354,486
38:15,341,347,365,388
39:243,457
40:255,357,364,477
41:10,63,133,329
42:43,57,94,120,206,210,244,310,365,439
43:33,42,180,218,320,403
44:149
45:55,190,423
46:196,246,327,378,459
47:138,161,201,272,469
48:19,155,249,313
49:105,196,399,413
50:95,197,293,367,482
51:169,187,282,396
52:72,103,136,253,299,319,390,493
53:82,138,150,381,496,499
54:83,101,214,253
55:32,45,215,376,408,439
56:60,67,140,199
57:12,42,78
58:219,471,480
59:150,297,360
60:22,56,119,196,223,292
61:150,207
62:170,297,326
63:41,92,102,369,402,479
64:252,420,449,471
65:1,135,166,236,245,355,436
66:115,208
67:56,181
68:110,302,313,419
69:115,187,235,410
70:15,102,131,193,206,297
71:18,273,421,486
72:52,257,410
73:169,413,446
74:342,467,469
75:156,445,481
76:103,248,257,258,383,494
77:30,91,289,307,312,317
78:19,57,150,227,239,249,253
79:466
80:93,216,254,315,420
81:1,364
82:53,204,316,354,392
83:54,207,209,265,282
84:147,180,292,379,402,430
85:402,464
86:145,274,385,406
87:249,321,431
88:2,5,97,98,110
89:90,220,255,351,452,468
90:89,483
91:77,187,238,260,362,457
92:63,234,289
93:80,396,463,472
94:42,181,197,222,235,303,387
95:22,29,35,50,320,469,479
96:234,471
97:88,169,321
98:88,451
99:25,228,235,250,350
100:158,291,323,352,390
101:54,372
102:63,70,307,327
103:52,76,436
104:4,225
105:21,49,166,196,335,365,396,446
106:203,363,396
107:3,233,318,326,334,466
108:111,396
109:452,490
110:68,88,154,265,450
111:108
112:25,120,423
113:125,166,176,251,379
114:1,20,35,439
115:15,23,66,69,387,419
116:164,328
117:3,20,302
118:229,232,359,421
119:60,298,311
120:3,8,42,112,141,191,313,426,489
121:326,465
122:487
123:410
124:229,365
125:113,196,226,304,485
126:129,148,201,296,343,353
127:231,260,295,411,495
128:315,392,405,439
129:126,219,259,299,309,474
130:132,479
131:70,352
132:130,234,261,326
133:19,41,176,298,451
134:299,484
135:2,65,142
136:6,52,306,422
137:35,231,338,361,407
138:47,53,228
139:226,334,448,453
140:56,145,181,483,486,491
141:120,304,445,476
142:135,250,343
143:440
144:7,445
145:23,86,140,358,427,466
146:172,194,238,309
147:84,174,368,439
148:10,126,381,459
149:44,185,258,364,426
150:53,59,61,78,330,452,458
151:386,403,407,412,454
152:14,18,233,358,442,491
153:376,404,441
154:110,208,296,352
155:34,48,260,320,353,466
156:16,75,191,196,265,303
157:1,428
158:100,407,415
159:165,232,252,319
160:187,282,296,350,372
161:15,47,243,320,398,403
162:4,233,274,326,383
163:274,382
164:116,366
165:5,19,159,451
166:65,105,113,288,412,418,427
167:211,218,231
168:295,359,392,489,500
169:7,51,73,97,447,470
170:15,62,312,345,348
172:146,265,289,294,364,441
173:218,294,364,398,447
174:147
175:295,299,303,409,414,467
176:113,133,221,249
177:230,303,317,437
178:256,336,395,432
179:345,407,482
180:43,84,288,344,368,473,488
181:67,94,140,292,395
182:497,498
183:199,229
184:8,264,440
185:149
186:353
187:51,69,91,160,212,309
188:229,239
189:283,323,325,334,360,388
190:45,338,449
191:120,156,216
192:216,244
193:10,70,302
194:146,272
195:6,310,482
196:46,49,60,105,125,156,215
197:50,94,221,319,408
198:299,326,490
199:56,183,423
200:256,380
201:2,47,126,294
202:478
203:106,475
204:82,366,397,472
205:340
206:42,70,273,293
207:61,83,432
208:66,154,478
209:83,219
210:11,42,232,289,290
211:167,324,400
212:187,297,458
213:485
214:54,278,392,423
215:33,55,196,232,246,366,391
216:80,191,192,381
217:8,279,479
218:43,167,173,255,305,332,333,369
219:10,58,129,209,409,465
220:89,249,341
221:31,176,197,389
222:94,302,322,349,433,444
223:60,353,393
224:238,367,392,447
225:104,270,293,315,354,497
226:20,125,139,252
227:78,241,494
228:99,138,231,233,390,475
229:118,124,183,188,280,321,350,372
230:177,370,416
231:127,137,167,228,487
232:27,118,159,210,215
233:107,152,162,228,360
234:92,96,132,266,440
235:17,69,94,99,253,471,500
236:15,65
237:254,388,417
238:91,146,224,283,312,323
239:78,188,384,489
240:271,375
241:227,314,382
242:299,389,465
243:10,39,161,343,355
244:42,192,253,383,414
245:65,368
246:46,215,328
247:270,296
248:34,76,266,282,418,428,470,500
249:48,78,87,176,220
250:99,142
251:113,394,435
252:64,159,226,496
253:52,54,78,235,244,266,269,344,423
254:80,237,335,388,400,453,463
255:14,40,89,218
256:178,200,269,291
257:72,76,289
258:29,76,149,309
259:34,129,307
260:3,91,127,155,356,479
261:132,371
262:419
263:5,16,345
264:184,331
265:83,110,156,172
266:234,248,253,344,478
267:35
268:14,309
269:22,253,256,330,392
270:225,247,288,343
271:240,360,411
272:47,194
273:71,206,281,326
274:86,162,163,295
275:10,330,466
276:428,456,463,483
278:214,292,309,406,443
279:217,300,319,348,379,445
280:229,387,390
281:25,273,431
282:51,83,160,248,434
283:189,238,300,378
284:320,425
285:476,485,499
286:444
288:5,166,180,270,465
289:77,92,172,210,257,353,369,463,466
290:210
291:100,256,387
292:60,84,181,278,427
293:50,206,225
294:15,25,172,173,201,498
295:127,168,175,274,411,456,478,499
296:26,126,154,160,247,464,488,496,497
297:16,59,62,70,212
298:12,119,133,336
299:52,129,134,175,198,242,333,342,441
300:279,283
301:315,363
302:68,117,193,222
303:19,94,156,175,177,318,346,355,388,468,481
304:13,125,141,317,437
305:218,443
306:32,136,406,497
307:77,102,259,314,472
308:339,356
309:129,146,187,258,268,278,314,379,418,435
310:42,195
311:13,119,372
312:33,77,170,238
313:48,68,120,337,425
314:241,307,309,317,482,485
315:80,128,225,301,316,333
316:82,315,317
317:77,177,304,314,316
318:107,303,448
319:52,159,197,279
320:43,95,155,161,284
321:87,97,229
322:222,331
323:100,189,238,338,457
324:211
325:189,471
326:62,107,121,132,162,198,273
327:30,46,102,483,490
328:116,246,367,392
329:41,349
330:150,269,275
331:264,322,351
332:218,353,474,477
333:218,299,315
334:107,139,189,371,401
335:105,254,380,482
336:178,298
337:313,362,458,480
338:137,190,323
339:308
340:205,355
341:38,220
342:74,299,368
343:126,142,243,270
344:180,253,266,355,416
345:170,179,263,463,493
346:303
347:38
348:170,279,404,427,485
349:222,329,370
350:99,160,229
351:89,331,471
352:37,100,131,154,383,431
353:126,155,186,223,289,332
354:22,37,82,225,445,447,451,462
355:65,243,303,340,344
356:260,308,479
357:40,388,421,498
358:18,145,152,409,465,469
359:118,168
360:59,189,233,271,364,387,413,431
361:137
362:91,337,401,442,456
363:106,301,480
364:40,81,149,172,173,360
365:38,42,105,124,407
366:21,164,204,215,432
367:2,50,224,328
368:147,180,245,342,370,440
369:63,218,289,399,412,475
370:230,349,368
371:261,334,377
372:1,101,160,229,311,432,470
373:497
374:458
375:30,240,406,449
376:35,55,153
377:371,492
378:24,46,283,451
379:84,113,279,309,420,497
380:200,335,416
381:16,53,148,216,406
382:163,241
383:76,162,244,352,472
384:35,239,438,488
385:86,440
386:151,435
387:94,115,280,291,360,429
388:38,189,237,254,303,357,411
389:221,242,456,474,498
390:52,100,228,280,405
391:18,215,485
392:82,128,168,214,224,269,328
393:30,223
394:251,455
395:178,181
396:51,93,105,106,108,462
397:11,204,410,480
398:161,173,442
399:49,369
400:211,254
401:334,362
402:63,84,85
403:43,151,161,439
404:153,348,423
405:128,390,429,439
406:25,32,86,278,306,375,381,434
407:137,151,158,179,365
408:55,197
409:175,219,358,454
410:69,72,123,397,419
411:127,271,295,388
412:151,166,369
413:49,73,360,450
414:175,244
415:158
416:24,230,344,380,487,490
417:237,428
418:166,248,309,429
419:16,68,115,262,410
420:64,80,379
421:71,118,357,439,465
422:136,439,452
423:45,112,199,214,253,404,445
425:284,313
426:120,149,463
427:145,166,292,348
428:157,248,276,417
429:1,21,387,405,418
430:84
431:33,87,281,352,360
432:178,207,366,372
433:26,222
434:32,282,406,440
435:251,309,386
436:18,65,103
437:177,304,452,484
438:384
439:42,55,114,128,147,403,405,421,422,493
440:143,184,234,368,385,434
441:153,172,299,450
442:152,362,398
443:16,278,305
444:222,286,487
445:10,75,141,144,279,354,423
446:73,105,477
447:13,169,173,224,354
448:6,23,139,318
449:64,190,375,480
450:110,413,441,451
451:98,133,165,354,378,450,452,461
452:89,109,150,422,437,451,494
453:20,139,254
454:20,27,151,409,465,498
455:394
456:276,295,362,389,461
457:39,91,323
458:26,150,212,337,374,481
459:6,46,148,470
460:1
461:451,456,486
462:17,21,354,396
463:93,254,276,289,345,426
464:4,85,296,469
465:121,219,242,288,358,421,454,493
466:5,36,79,107,145,155,275,289,495
467:74,175
468:25,89,303
469:23,47,74,95,358,464,481
470:169,248,372,459,481
471:58,64,96,235,325,351
472:93,204,307,383
473:180
474:129,332,389
475:16,203,228,369
476:12,33,141,285
477:21,40,332,446
478:17,31,202,208,266,295
479:63,95,130,217,260,356
480:58,337,363,397,449
481:75,303,458,469,470
482:50,179,195,314,335
483:90,140,276,327
484:134,437
485:7,14,125,213,285,314,348,391
486:37,71,140,461
487:122,231,416,444
488:180,296,384
489:120,168,239,491
490:109,198,327,416
491:10,13,140,152,489
492:377
493:52,345,439,465
494:76,227,452
495:127,466
496:18,53,252,296
497:182,225,296,306,373,379
498:7,12,182,294,357,389,454
499:53,285,295
500:168,235,248